-2.611576616764068604e-01
-6.487784385681152344e-01
-1.378909468650817871e+00
5.689794421195983887e-01
-1.553218603134155273e+00
-1.036242683767341077e-04
7.148557305335998535e-01
5.466715693473815918e-01
-9.110211730003356934e-01
7.023065686225891113e-01
5.525833964347839355e-01
-7.470608353614807129e-01
-6.487954854965209961e-01
4.596526026725769043e-01
-6.521902680397033691e-01
-5.992147326469421387e-01
-5.799790620803833008e-01
-2.656217098236083984e+00
-2.215328693389892578e+00
-1.204258441925048828e+00
-5.590183138847351074e-01
1.915875673294067383e-01
5.326568134478293359e-05
6.852922439575195312e-01
5.538381934165954590e-01
-6.739156842231750488e-01
-6.793128848075866699e-01
5.103238224983215332e-01
-6.816594600677490234e-01
5.862492322921752930e-01
3.419654967729002237e-05
5.691106319427490234e-01
-5.368676185607910156e-01
-6.427748203277587891e-01
5.118979811668395996e-01
7.661039233207702637e-01
-8.116445541381835938e-01
-8.009983599185943604e-02
-8.106300234794616699e-01
7.577069997787475586e-01
-7.601085901260375977e-01
6.786704063415527344e-01
6.977248191833496094e-01
6.353502869606018066e-01
-4.927104711532592773e-01
-5.306076630949974060e-02
-6.182612776756286621e-01
-6.210754513740539551e-01
5.342108011245727539e-01
-1.827785849571228027e+00
6.993268150836229324e-03
1.428342331200838089e-02
-1.299796938896179199e+00
-4.945036768913269043e-01
7.304634451866149902e-01
-8.654101938009262085e-02
-6.111287474632263184e-01
-6.337128281593322754e-01
-1.528583526611328125e+00
-2.045790195465087891e+00
-6.070008873939514160e-02
-5.541535615921020508e-01
9.717616921989247203e-05
5.368332266807556152e-01
6.327204704284667969e-01
6.197265386581420898e-01
-1.006324887275695801e+00
5.851199626922607422e-01
5.530012249946594238e-01
-1.919667124748229980e+00
-1.552891433238983154e-01
-7.672303763683885336e-05
-6.955966353416442871e-01
-1.849476397037506104e-01
-1.192961335182189941e-01
