-1.149457335472106934e+00
-8.150864243507385254e-01
-3.171144723892211914e-01
-5.177406072616577148e-01
-1.860080510377883911e-01
-1.192975044250488281e-02
-1.478789448738098145e+00
-1.025943875312805176e+00
-7.589061856269836426e-01
-5.439649224281311035e-01
-3.308126330375671387e-01
-7.157313823699951172e-01
3.694752752780914307e-01
-3.129962980747222900e-01
-4.418557728058658540e-05
1.649938672780990601e-01
-3.613119125366210938e-01
-5.267335176467895508e-01
-5.237945914268493652e-01
-3.084756433963775635e-01
-2.343467712402343750e+00
-1.218820929527282715e+00
2.035458683967590332e-01
-3.208249211311340332e-01
-2.072339504957199097e-01
-3.817212879657745361e-01
-2.166781723499298096e-01
-3.226503133773803711e-01
3.872634988510981202e-05
-1.247490525245666504e+00
-5.479896068572998047e-01
-8.629380911588668823e-02
6.754761934280395508e-02
-7.893221974372863770e-01
-1.779015362262725830e-01
-7.708454728126525879e-01
3.817571401596069336e-01
-9.962827712297439575e-02
-2.453146576881408691e-01
-2.112328261137008667e-01
-8.841528892517089844e-01
-5.455016493797302246e-01
-5.912807583808898926e-01
-1.134591579437255859e+00
1.661546081304550171e-01
-4.030274152755737305e-01
-8.389379382133483887e-01
1.572087258100509644e-01
-7.147173881530761719e-01
-5.519649982452392578e-01
-2.176497578620910645e-01
-3.761025071144104004e-01
-3.083975315093994141e-01
-3.509791195392608643e-01
-9.483706206083297729e-02
-6.015470027923583984e-01
-1.123473405838012695e+00
-1.108754076994955540e-06
-2.472617924213409424e-01
-1.601890027523040771e-01
4.590410590171813965e-01
-2.516610324382781982e-01
-3.460299372673034668e-01
3.017992973327636719e-01
-2.974897921085357666e-01
-1.073643326759338379e+00
-1.830590963363647461e-01
-6.237038969993591309e-02
-9.569503068923950195e-01
-4.946931898593902588e-01
-1.530522704124450684e-01
-2.132944246113765985e-05
-2.792527973651885986e-01
-2.770491838455200195e-01
-3.892526924610137939e-01
