-8.023289442062377930e-01
1.426740586757659912e-01
-2.051697224378585815e-01
-6.469572782516479492e-01
-4.000622630119323730e-01
-5.775928869843482971e-02
-1.690243363380432129e+00
-1.549332022666931152e+00
-8.858199715614318848e-01
-2.479481250047683716e-01
-9.605193734169006348e-01
-4.651934504508972168e-01
3.657518327236175537e-01
-8.752304315567016602e-01
-1.482018036767840385e-03
-1.509640216827392578e+00
-5.915763378143310547e-01
-3.980676233768463135e-01
-6.767919659614562988e-01
-6.819229125976562500e-01
-1.491273164749145508e+00
-1.108539626002311707e-01
5.143953114748001099e-02
-4.662969410419464111e-01
-3.274774849414825439e-01
-8.586320281028747559e-01
-1.471154093742370605e-01
-2.997112572193145752e-01
-2.288738191127777100e-01
-7.828745245933532715e-01
-3.019796311855316162e-02
-2.309619039297103882e-01
-8.033917546272277832e-01
-9.143980741500854492e-01
-3.544294238090515137e-01
-1.339922785758972168e+00
-1.500802934169769287e-01
-7.580941915512084961e-01
-5.297986865043640137e-01
-6.987218260765075684e-01
-6.831549406051635742e-01
-5.303687453269958496e-01
-1.069240719079971313e-01
-1.138845562934875488e+00
-1.145652830600738525e-01
2.415914982557296753e-01
-6.192623078823089600e-02
-5.412725359201431274e-02
2.300581485033035278e-01
-4.176281690597534180e-01
-9.214013814926147461e-02
-1.016386866569519043e+00
-1.438619941473007202e-01
3.865399062633514404e-01
-3.948345184326171875e-01
-2.040556967258453369e-01
-2.115377970039844513e-02
-3.386256992816925049e-01
-8.162190318107604980e-01
-4.135196805000305176e-01
-1.448819637298583984e+00
-5.719500780105590820e-01
-6.564874202013015747e-02
1.366865336894989014e-01
-6.408715844154357910e-01
-9.949522614479064941e-01
-4.274449348449707031e-01
-5.741903781890869141e-01
-1.337601065635681152e+00
-9.985849857330322266e-01
-3.219242095947265625e-01
-8.772787451744079590e-01
-1.688436865806579590e+00
-3.849777281284332275e-01
-1.849317401647567749e-01
