-1.005144238471984863e+00
-6.633599400520324707e-01
-1.588604807853698730e+00
2.953772246837615967e-02
-1.047673583030700684e+00
-1.723169088363647461e+00
3.076185584068298340e-01
-1.999569654464721680e+00
2.125676572322845459e-01
-9.615194797515869141e-01
-9.782341122627258301e-02
-3.699521720409393311e-01
-3.196876049041748047e-01
4.177769720554351807e-01
-1.421029418706893921e-01
-4.787066876888275146e-01
-4.539991915225982666e-01
-1.776224523782730103e-01
-4.149369597434997559e-01
-2.798367738723754883e-01
-1.487686395645141602e+00
-1.251742601394653320e+00
-2.290125936269760132e-01
-9.130913615226745605e-01
-1.888416111469268799e-01
-3.351767361164093018e-01
-4.225216805934906006e-01
3.691603541374206543e-01
-8.835614919662475586e-01
-5.285267829895019531e-01
-7.610916495323181152e-01
-3.510497510433197021e-01
-3.171074688434600830e-01
-2.225930392742156982e-01
9.098723530769348145e-03
-1.235778257250785828e-01
-1.149430572986602783e-01
-2.274093925952911377e-01
-1.271620392799377441e-01
-2.755389213562011719e-01
-3.210777640342712402e-01
-8.535796999931335449e-01
-1.541952133178710938e+00
-1.592442244291305542e-01
-2.829856872558593750e-01
-1.113555431365966797e+00
-6.516177058219909668e-01
-3.987653255462646484e-01
-1.218902468681335449e+00
-9.755286574363708496e-01
-1.132913708686828613e+00
-1.367214202880859375e+00
-7.524691224098205566e-01
3.689522445201873779e-01
-7.776484638452529907e-02
-9.959391355514526367e-01
1.331241875886917114e-01
1.604598611593246460e-01
-1.045869469642639160e+00
-1.178978919982910156e+00
-9.622509479522705078e-01
-9.195632934570312500e-01
3.083720803260803223e-01
-1.942228972911834717e-01
-3.808477222919464111e-01
-4.612434208393096924e-01
-7.893544435501098633e-01
-1.370171189308166504e+00
-3.377227485179901123e-01
-1.397520899772644043e+00
-4.253360629081726074e-01
-1.246675848960876465e+00
-7.304779887199401855e-01
-2.899861633777618408e-01
-1.909641027450561523e-01
