3.685159385204315186e-01
3.638054132461547852e-01
4.502044916152954102e-01
4.786890447139739990e-01
3.853437006473541260e-01
2.742265164852142334e-01
2.306894659996032715e-01
2.730123996734619141e-01
3.789747059345245361e-01
6.582826972007751465e-01
6.877035498619079590e-01
3.835427463054656982e-01
3.294411301612854004e-01
2.647798061370849609e-01
5.640150308609008789e-01
4.074839651584625244e-01
2.799215912818908691e-01
4.881627559661865234e-01
4.946541190147399902e-01
5.561012029647827148e-01
6.271189451217651367e-01
5.573382973670959473e-01
4.020082056522369385e-01
5.087358355522155762e-01
4.261313378810882568e-01
4.006181359291076660e-01
1.462621539831161499e-01
3.835520148277282715e-01
4.442550837993621826e-01
3.346614837646484375e-01
7.019851803779602051e-01
6.513233184814453125e-01
5.124210119247436523e-01
4.891387820243835449e-01
3.064690828323364258e-01
2.876960337162017822e-01
3.074016869068145752e-01
4.700293540954589844e-01
5.673195719718933105e-01
5.212898850440979004e-01
6.342176198959350586e-01
5.241730213165283203e-01
4.859109818935394287e-01
5.410338044166564941e-01
3.889797627925872803e-01
4.117618799209594727e-01
4.847134351730346680e-01
5.244430899620056152e-01
5.273820757865905762e-01
5.573036670684814453e-01
6.754503846168518066e-01
7.388903498649597168e-01
8.523860573768615723e-01
5.421353578567504883e-01
4.032323956489562988e-01
5.046176314353942871e-01
5.149211287498474121e-01
6.369855999946594238e-01
7.028600573539733887e-01
6.344913244247436523e-01
6.456907391548156738e-01
7.577447891235351562e-01
5.343845486640930176e-01
7.794798612594604492e-01
4.902845621109008789e-01
4.798055291175842285e-01
5.055147409439086914e-01
5.409560799598693848e-01
4.651839733123779297e-01
3.998031020164489746e-01
5.128419995307922363e-01
4.889191091060638428e-01
5.180275440216064453e-01
6.559963822364807129e-01
5.320094823837280273e-01
6.455674171447753906e-01
5.408463478088378906e-01
6.273798346519470215e-01
7.369864583015441895e-01
6.060548424720764160e-01
4.568094313144683838e-01
6.773872375488281250e-01
5.022275447845458984e-01
6.085204482078552246e-01
5.452420115470886230e-01
5.961864590644836426e-01
5.905319452285766602e-01
5.043805241584777832e-01
5.995123982429504395e-01
5.892701148986816406e-01
5.191456675529479980e-01
4.339388906955718994e-01
4.801571369171142578e-01
6.916920542716979980e-01
5.678504705429077148e-01
4.932706654071807861e-01
6.569948792457580566e-01
6.118824481964111328e-01
5.934081077575683594e-01
5.946441888809204102e-01
5.809890627861022949e-01
4.936642050743103027e-01
7.004972100257873535e-01
7.033575177192687988e-01
6.590006351470947266e-01
5.493723154067993164e-01
6.149070858955383301e-01
5.636470317840576172e-01
4.468260407447814941e-01
5.937275886535644531e-01
4.766082763671875000e-01
3.471212685108184814e-01
4.574772715568542480e-01
3.575023114681243896e-01
4.823301136493682861e-01
4.602599143981933594e-01
5.289025902748107910e-01
3.693860769271850586e-01
5.083841085433959961e-01
5.499398112297058105e-01
4.612854123115539551e-01
5.027236938476562500e-01
4.369204938411712646e-01
6.371430754661560059e-01
4.033601284027099609e-01
4.699839353561401367e-01
3.950482308864593506e-01
4.861334562301635742e-01
5.675196051597595215e-01
4.033777117729187012e-01
6.179063320159912109e-01
3.115716576576232910e-01
4.291592538356781006e-01
4.276858866214752197e-01
3.963843584060668945e-01
5.202502012252807617e-01
4.779822528362274170e-01
4.314761161804199219e-01
4.897337853908538818e-01
4.459496736526489258e-01
4.728519618511199951e-01
3.320690095424652100e-01
3.620623946189880371e-01
3.419740200042724609e-01
3.190297484397888184e-01
3.757860362529754639e-01
4.908966124057769775e-01
2.557109892368316650e-01
4.665813148021697998e-01
3.702658712863922119e-01
3.903289735317230225e-01
6.342267990112304688e-01
4.162441492080688477e-01
5.095317959785461426e-01
4.616795480251312256e-01
3.570597469806671143e-01
4.613979756832122803e-01
5.320082306861877441e-01
4.333605766296386719e-01
3.359896540641784668e-01
5.211611986160278320e-01
3.902936875820159912e-01
5.169656872749328613e-01
3.674469888210296631e-01
3.179406821727752686e-01
5.442947149276733398e-01
3.814171254634857178e-01
3.354382216930389404e-01
1.912576556205749512e-01
4.681235551834106445e-01
2.983916699886322021e-01
3.683451712131500244e-01
4.598765373229980469e-01
3.913897275924682617e-01
3.226929306983947754e-01
4.117857515811920166e-01
4.897766411304473877e-01
3.508085906505584717e-01
4.037630558013916016e-01
3.083065152168273926e-01
3.132865130901336670e-01
3.520383834838867188e-01
4.062350690364837646e-01
5.530108809471130371e-01
3.644247353076934814e-01
1.609406173229217529e-01
4.026460051536560059e-01
4.485468268394470215e-01
4.401503503322601318e-01
3.605555891990661621e-01
2.693572938442230225e-01
5.092846751213073730e-01
2.349122464656829834e-01
2.355102300643920898e-01
2.852916121482849121e-01
3.695606887340545654e-01
4.055300951004028320e-01
3.700056672096252441e-01
3.390305340290069580e-01
4.323551058769226074e-01
